포커 결과
# 로얄 스트레이트 플러쉬
52x51x50x49x48x47 / (47x720) = 433,160

# 433,160번 100회
# E(x) = 100
105
1
0
2
4
1
0
0
1
0
1
0
2
3
2
2
0
1
0
0
0
0
5
2
3
2
1
2
0
0
2
1
2
2
0
4
0
0
0
2
1
3
1
1
0
2
1
0
0
2
0
1
0
1
0
0
0
0
1
0
1
2
2
1
0
0
1
1
2
1
0
2
1
2
0
1
0
1
0
1
1
2
1
2
0
0
0
1
3
4
1
0
1
1
2
1
0
0
1
2
1

1018
956
1040
1080
# 4,331,600번 100회
# E(x) = 1,000
999
12
13
4
8
6
8
8
10
12
4
11
11
11
10
7
8
11
8
7
10
15
12
5
11
10
13
10
10
11
8
14
14
11
16
9
13
17
14
6
10
10
15
9
6
12
16
4
13
12
12
12
10
7
11
8
9
9
7
8
8
7
10
9
7
4
14
8
10
14
8
14
10
6
12
9
6
12
10
13
9
8
14
15
8
7
7
9
6
10
10
15
10
14
10
11
6
8
12
12

# 43,316,000번 100회
# E(x) = 10,000