프로그램 주사위 던지기

# 6개 100번
# E(x) = 100
103 94 89 97 108 109
3 1 0 2 0 0
1 0 2 2 1 0
1 1 1 1 2 0
1 1 1 1 1 1
1 1 0 1 0 3
1 1 1 1 1 1
1 0 1 3 0 1
0 0 1 2 2 1
1 2 1 0 1 1
1 3 0 1 1 0
1 0 0 1 2 2
0 4 0 0 2 0
1 1 0 1 1 2
1 1 1 1 1 1
0 1 1 1 3 0
0 3 1 2 0 0
2 1 1 1 0 1
1 0 3 1 1 0
2 0 0 1 0 3
2 0 2 0 1 1
2 0 1 1 1 1
1 1 0 2 1 1
1 0 2 1 0 2
1 1 0 1 1 2
1 1 2 1 0 1
2 2 0 1 1 0
3 0 1 0 2 0
1 0 1 1 2 1
1 0 0 1 1 3
1 1 1 2 1 0
0 2 1 2 0 1
0 3 0 1 0 2
2 0 1 1 1 1
1 3 0 0 2 0
1 1 1 0 1 2
1 1 1 0 1 2
2 0 1 0 1 2
0 1 2 0 2 1
3 1 2 0 0 0
2 2 0 0 1 1
1 1 1 1 1 1
0 0 1 0 3 2
1 3 2 0 0 0
0 2 2 0 1 1
1 0 0 0 3 2
1 1 0 1 3 0
1 0 0 2 0 3
0 1 2 1 2 0
1 0 1 1 2 1
1 1 2 1 0 1
0 1 2 2 1 0
2 0 0 0 0 4
0 1 0 3 2 0
0 1 0 2 3 0
1 2 0 1 2 0
1 2 0 2 1 0
0 2 1 1 0 2
2 2 0 1 0 1
3 0 0 0 2 1
1 1 1 1 1 1
2 0 0 1 2 1
2 0 1 0 2 1
2 3 0 0 1 0
1 1 0 0 2 2
0 0 2 1 2 1
0 0 2 1 0 3
1 2 0 0 1 2
1 0 2 0 2 1
1 0 1 2 1 1
1 0 2 1 2 0
3 1 2 0 0 0
1 1 1 1 0 2
1 1 0 1 1 2
0 1 1 3 1 0
2 3 0 0 0 1
0 0 0 2 2 2
2 1 1 0 0 2
1 0 3 1 0 1
1 0 1 2 0 2
1 1 0 0 1 3
2 0 0 1 1 2
0 2 1 1 1 1
1 1 1 0 3 0
0 0 2 2 1 1
0 1 1 1 2 1
0 0 1 2 0 3
0 0 1 0 1 4
1 2 1 0 1 1
1 1 1 3 0 0
2 0 0 1 3 0
2 0 0 2 0 2
1 0 1 1 2 1
0 1 3 2 0 0
2 1 1 1 1 0
2 2 1 0 1 0
1 2 0 0 1 2
0 2 0 2 1 1
0 0 1 2 2 1
0 0 4 1 1 0
1 2 1 1 0 1

# 60개 100번
# E(x) = 1000
984 1034 985 1033 962 1002
13 13 7 9 7 11
15 10 9 11 6 9
8 12 12 16 6 6
12 8 10 10 10 10
11 12 8 10 6 13
8 9 12 11 6 14
6 12 8 10 12 12
6 10 14 11 8 11
11 9 9 10 12 9
10 7 14 11 8 10
7 10 13 14 10 6
8 6 12 9 14 11
5 12 12 8 10 13
11 15 7 9 11 7
12 11 10 9 7 11
15 14 7 10 11 3
8 11 10 6 8 17
12 8 6 10 13 11
13 9 7 8 10 13
9 15 14 9 7 6
10 12 11 15 6 6
10 8 8 12 14 8
11 12 15 9 9 4
9 10 9 11 8 13
11 5 16 9 9 10
7 10 10 10 12 11
8 11 9 13 11 8
11 8 9 10 7 15
9 9 10 11 11 10
8 14 10 10 8 10
15 11 10 11 6 7
9 8 7 12 9 15
7 11 14 9 14 5
13 7 12 9 9 10
12 11 4 13 9 11
6 11 12 13 8 10
7 9 11 17 7 9
11 9 9 9 13 9
8 7 10 9 13 13
10 12 9 12 6 11
6 5 13 11 13 12
11 14 9 8 9 9
9 12 11 18 6 4
15 6 5 10 15 9
7 14 10 7 13 9
13 7 7 7 12 14
10 5 12 15 13 5
10 13 7 16 7 7
9 9 12 8 7 15
14 12 8 8 13 5
8 11 13 6 11 11
19 10 5 10 7 9
13 11 7 11 9 9
10 8 8 11 11 12
11 7 16 9 9 8
6 10 8 14 11 11
11 7 9 9 12 12
7 13 11 12 10 7
9 8 12 11 12 8
12 12 8 10 5 13
15 4 9 12 14 6
9 10 11 9 10 11
9 11 7 3 14 16
10 17 9 5 7 12
10 11 5 10 11 13
13 10 7 9 12 9
6 14 9 8 11 12
17 8 7 8 7 13
8 14 9 11 10 8
10 11 9 8 8 14
10 12 9 11 10 8
7 16 8 15 6 8
11 12 6 10 10 11
12 16 6 10 6 10
8 12 8 11 13 8
10 7 14 10 9 10
11 10 10 11 10 8
5 10 11 18 6 10
8 8 12 10 11 11
11 12 12 9 13 3
7 12 10 14 6 11
13 7 6 12 12 10
5 4 14 11 11 15
16 8 10 7 10 9
5 10 12 10 8 15
5 12 16 6 9 12
8 9 15 5 14 9
9 7 13 13 12 6
8 12 11 10 8 11
11 10 6 13 11 9
13 13 5 13 6 10
5 7 12 13 11 12
9 14 12 10 7 8
8 10 9 10 8 15
9 12 9 8 9 13
10 12 12 8 10 8
11 11 8 9 7 14
10 13 15 5 10 7
7 14 9 9 9 12
13 10 6 13 10 8

# 600개 100번
# E(x) = 10,000
10172 9849 9932 9777 10023 10247
94 101 73 104 115 113
111 80 92 91 111 115
99 85 108 98 98 112
108 96 97 101 107 91
96 93 109 104 98 100
101 123 93 89 95 99
117 104 93 108 83 95
100 104 105 93 98 100
115 84 108 95 104 94
94 103 100 94 110 99
90 78 102 106 103 121
100 108 102 93 105 92
120 81 96 90 115 98
103 103 92 85 106 111
94 92 93 104 103 114
84 87 124 107 96 102
103 84 100 101 99 113
96 100 102 74 110 118
98 88 109 86 110 109
99 96 101 113 91 100
98 102 109 94 100 97
101 117 105 82 92 103
108 94 85 101 111 101
101 113 94 88 115 89
102 104 90 105 92 107
108 102 95 105 90 100
109 99 98 95 93 106
105 100 107 91 84 113
96 113 100 112 77 102
92 92 110 103 117 86
120 105 80 94 100 101
102 93 106 103 97 99
101 96 108 100 100 95
91 105 114 98 90 102
96 109 88 95 103 109
105 97 111 93 90 104
102 98 107 87 93 113
100 102 93 100 94 111
95 104 98 106 107 90
105 100 109 94 97 95
101 102 92 107 94 104
96 120 102 90 93 99
94 91 92 102 114 107
110 91 102 93 112 92
98 97 83 101 115 106
105 92 108 101 98 96
96 92 99 92 105 116
96 91 105 107 100 101
103 108 98 91 102 98
91 113 95 85 108 108
85 110 110 99 97 99
92 103 92 106 107 100
125 93 84 93 95 110
110 101 105 81 100 103
93 96 114 100 103 94
95 90 102 97 103 113
97 106 98 93 100 106
102 98 96 91 99 114
106 99 91 94 101 109
97 83 121 110 110 79
110 89 109 79 115 98
104 97 113 98 95 93
103 88 107 108 97 97
103 95 98 109 90 105
103 109 99 93 91 105
106 82 105 101 120 86
113 95 100 106 92 94
114 101 88 93 103 101
99 104 86 95 95 121
104 104 97 90 92 113
99 82 97 107 106 109
108 105 97 86 103 101
98 95 96 103 113 95
89 94 89 120 103 105
106 117 96 95 92 94
94 104 103 103 103 93
96 96 108 88 114 98
100 96 98 95 107 104
110 97 105 105 80 103
95 85 97 94 113 116
102 101 103 100 86 108
110 98 89 94 97 112
90 90 112 90 91 127
102 115 95 102 91 95
96 94 104 108 96 102
107 102 81 102 101 107
111 100 95 96 92 106
102 107 93 97 96 105
98 103 99 100 109 91
105 88 101 100 101 105
119 101 93 102 85 100
95 101 97 104 105 98
102 103 90 98 102 105
105 106 96 105 107 81
98 90 111 105 97 99
106 106 97 87 104 100
107 108 102 109 81 93
100 91 103 101 100 105
108 108 88 98 96 102
104 91 100 96 107 102

# 6000개 100번
# E(x) = 100,000
99800 100483 100074 99875 99943 99825
998 1011 1052 975 944 1020
1005 1024 999 973 999 1000
980 1034 1018 1009 1004 955
995 973 1017 1026 1002 987
989 973 1063 990 986 999
994 985 943 996 1019 1063
1060 936 989 1019 1000 996
1023 984 989 1006 1001 997
1033 1002 958 957 1042 1008
993 1034 1057 985 977 954
997 996 991 1007 1001 1008
1005 1026 952 1060 977 980
1016 1055 1001 991 974 963
1026 1014 986 996 1008 970
1049 950 1004 1017 986 994
1025 1019 974 979 986 1017
985 971 1033 1025 974 1012
976 1021 998 1000 1007 998
981 1022 971 969 1045 1012
994 1030 1029 972 1015 960
998 960 987 1101 1010 944
955 1046 987 1003 1013 996
1036 1023 986 984 960 1011
986 992 1017 987 1015 1003
1072 965 952 1000 1018 993
1014 1019 979 999 1013 976
983 1024 991 984 1018 1000
958 982 1008 1041 972 1039
1005 1051 1009 973 992 970
972 1051 1024 994 1006 953
996 983 1042 987 972 1020
1021 1006 1047 973 1014 939
941 975 975 1061 1000 1048
991 1003 1026 963 997 1020
984 1006 1052 954 999 1005
1006 997 1042 994 1007 954
1002 975 995 1006 993 1029
989 1004 1024 968 1009 1006
990 992 986 991 1018 1023
976 1010 971 1001 1056 986
981 1017 1008 978 1014 1002
1044 951 1047 987 1040 931
1011 983 1035 1000 975 996
1026 962 1033 989 1005 985
1006 999 980 1035 1005 975
983 1001 1030 996 966 1024
1023 1006 991 1000 996 984
973 1024 1006 969 998 1030
982 1024 994 1034 1010 956
945 1055 997 963 1014 1026
972 1050 991 956 1038 993
999 1047 1029 992 1012 921
1002 966 993 954 1021 1064
995 968 1006 992 1006 1033
994 1051 979 905 1035 1036
972 978 1120 979 968 983
986 992 996 960 1041 1025
968 1014 1009 1028 1016 965
1024 1034 930 1020 1003 989
1022 1032 970 968 1002 1006
967 1028 977 1010 1021 997
984 1010 1030 1015 974 987
981 987 1038 1015 1003 976
999 1044 1035 942 989 991
935 993 964 1016 999 1093
995 997 982 1025 1018 983
1008 951 956 1010 1043 1032
1038 1004 998 1004 969 987
983 1001 961 1035 990 1030
957 973 998 959 1050 1063
993 1003 947 1008 1008 1041
983 1016 959 1014 992 1036
1005 1024 1032 982 936 1021
981 1019 1050 985 977 988
1017 1006 1002 984 1016 975
984 1063 1016 961 979 997
1022 990 952 997 1008 1031
995 966 1007 999 999 1034
996 1007 1021 983 1000 993
1005 1032 966 1040 948 1009
979 976 1000 1042 979 1024
955 993 1018 1063 1002 969
979 981 997 1086 995 962
1025 1049 989 1004 943 990
1002 1029 1050 995 965 959
1037 970 991 1011 992 999
1054 1013 963 984 968 1018
962 972 1033 1042 999 992
1050 990 974 1003 1005 978
1030 997 968 994 1023 988
1016 1016 1028 960 1013 967
1008 1054 971 1011 975 981
970 991 988 1061 1020 970
998 1033 984 999 980 1006
1021 991 942 992 1012 1042
1020 992 1006 995 957 1030
958 969 1032 1026 1034 981
1011 1007 967 1008 995 1012
986 1051 991 1022 979 971
1004 1017 1023 972 994 990

# 60,000개 100번
# E(x) = 1,000,000
999399 998457 999154 1001297 1000818 1000875
10053 9890 10025 10119 9941 9972
10068 9911 9984 10001 10054 9982
9944 10013 10005 9962 10039 10037
9846 10134 9974 9977 10019 10050
10014 9944 9938 10036 9980 10088
9774 10036 9938 10093 10237 9922
9959 9926 9921 10055 10027 10112
10265 10097 9904 10026 9889 9819
10033 10015 10119 10030 9891 9912
9957 10017 9992 10102 9896 10036
9893 10064 9956 10034 10083 9970
9981 9941 10098 10137 9931 9912
10127 10167 9959 10006 9873 9868
9886 10037 9956 10026 9883 10212
9992 9900 9904 10031 10129 10044
10042 10044 10096 10066 9841 9911
9930 10114 10043 9981 9924 10008
9846 10010 9969 10029 10082 10064
10035 9952 10079 9963 10182 9789
9969 10075 9942 9951 10003 10060
10051 9998 9955 10176 9982 9838
10008 9999 9852 9974 10130 10037
9953 10160 10053 9894 9884 10056
10113 9885 9979 9912 10104 10007
9778 9918 10115 10134 10037 10018
9899 9973 9934 10129 10034 10031
9895 10020 9897 10131 10130 9927
10088 9795 9865 10028 10038 10186
10076 10035 9951 9847 10012 10079
10028 10089 9808 10012 10104 9959
9854 10007 10120 10174 9894 9951
10074 9948 9845 10045 10045 10043
10020 9855 10110 9918 10027 10070
9937 9890 9968 10051 10038 10116
9861 10076 10181 9807 9946 10129
9969 10087 9917 10117 9962 9948
10085 9990 10120 9999 9913 9893
10234 9910 10041 10007 9991 9817
9938 9869 9866 10077 10106 10144
9899 9862 10165 10137 9847 10090
10037 10040 9853 9993 10021 10056
10067 10019 10084 9959 9968 9903
9977 10078 9987 9937 10014 10007
9985 9994 10119 9959 9973 9970
10042 9961 10016 9957 10011 10013
9817 10044 10194 9906 9942 10097
9953 10086 10013 10028 10094 9826
9927 10022 9957 10066 10085 9943
10033 9851 9979 10008 10024 10105
10024 9884 9982 10130 9910 10070
9929 9902 9965 9968 10094 10142
9977 9992 9976 10001 10040 10014
9913 10162 9975 10011 10019 9920
10002 9987 9909 9994 10016 10092
9879 10038 9999 10060 10078 9946
9989 9975 9931 10053 9968 10084
9990 9958 10052 9942 10100 9958
10042 9877 9779 10065 10137 10100
10007 10062 9984 9834 9995 10118
9925 9870 10096 10008 10089 10012
9862 10043 10036 10090 10012 9957
10034 10140 10095 9821 9924 9986
9914 9958 10097 10105 10044 9882
10148 9876 10051 9918 10090 9917
10076 9879 10060 9985 9949 10051
9888 9927 10057 10231 9909 9988
9966 10033 9961 9963 9858 10219
9947 9946 9991 10003 9980 10133
10053 9936 10023 9959 10158 9871
9974 9994 10015 9963 10113 9941
10170 9918 9987 9970 9876 10079
9952 9972 9966 10039 9989 10082
10086 9953 9937 9879 10025 10120
9914 9942 10085 10136 9987 9936
9887 10033 10019 10068 10046 9947
10199 9926 10108 9735 9821 10211
9902 9987 9897 10126 10037 10051
10000 10078 9962 10034 10069 9857
10177 9982 9961 9873 10098 9909
10082 9966 9887 10019 10059 9987
10185 10011 9884 9867 9990 10063
10016 9770 10019 9992 10023 10180
9939 10040 9877 10007 10096 10041
9943 9909 10149 10080 9845 10074
10065 9996 9922 9958 10056 10003
10051 9994 10119 10113 9882 9841
10054 9901 10067 9969 10096 9913
10127 9747 10142 10062 10012 9910
9954 10084 9966 10178 9892 9926
9971 10115 9962 10042 9817 10093
9893 9864 10028 10026 10064 10125
10023 9919 10002 10008 9998 10050
10034 10069 9873 9901 10038 10085
10214 10022 9889 10109 9897 9869
10048 9989 9964 10012 10057 9930
9882 10147 10026 9968 9988 9989
9965 10017 9936 10030 10072 9980
10035 10004 9811 9830 10062 10258
9982 9946 9811 10061 10140 10060
9898 9969 10118 10094 10043 9878

# 600,000개 100번
# E(x) = 10,000,000
9993801 10003519 10000141 9999998 9998635 10003906
99552 99906 100066 99929 100494 100053
99754 100391 99668 99784 99918 100485
99766 100142 100110 99804 100445 99733
99636 99896 99813 100348 99972 100335
99438 100324 99595 100747 100097 99799
99847 100113 100013 100177 100045 99805
99866 100060 99650 100061 100602 99761
99954 100395 100241 99742 99744 99924
99748 100032 99665 100376 99767 100412
99847 100028 99819 100057 100418 99831
99922 100079 99685 100026 99857 100431
100498 99612 100118 100458 99636 99678
99903 99595 100465 100052 99984 100001
100565 99674 100104 100359 99535 99763
99743 100348 99763 100144 99956 100046
99689 99946 100055 100199 100125 99986
99908 99774 99732 100275 100124 100187
99785 100237 100219 100205 99666 99888
99766 100314 99812 100256 99216 100636
100358 100467 100225 99940 99436 99574
100019 99902 99787 100012 99961 100319
100326 99348 100047 100111 100101 100067
99779 99680 99765 100699 99884 100193
99439 100211 100294 100055 99850 100151
100389 99856 99924 100206 99869 99756
99689 99907 99686 100436 100278 100004
100315 99253 99657 100008 100361 100406
100237 100404 99583 99448 99856 100472
99886 99926 100415 99862 99915 99996
99906 100654 99929 99852 99926 99733
100350 99920 99938 100229 99655 99908
99912 100274 99989 99971 99895 99959
100142 99641 100117 100044 99885 100171
100188 99891 99935 99909 99824 100253
100110 99892 99810 99704 100213 100271
99593 100027 100093 99932 100300 100055
99615 100361 100532 99447 99792 100253
99964 100075 99676 100107 99943 100235
99999 100049 99860 100091 99849 100152
99769 99875 100371 100163 99283 100539
100243 100717 99599 99911 99572 99958
100243 100173 99873 99859 100197 99655
99680 99953 100097 99698 100508 100064
100054 100009 100218 99949 100179 99591
99867 99932 99415 100565 100040 100181
100292 99571 99896 99906 100163 100172
100320 99977 100428 99710 99628 99937
99942 99952 100077 99507 100355 100167
100134 100125 100499 99710 100042 99490
99857 100300 99793 99866 100194 99990
99896 99530 100211 100418 100226 99719
100130 100222 100261 99606 99658 100123
100103 99948 99664 100130 100043 100112
99579 99746 100435 100216 100203 99821
99867 100087 99961 100498 99903 99684
100105 100174 100152 99985 99332 100252
99946 99935 100192 99908 100339 99680
100159 100067 99812 100080 100075 99807
100121 100326 99903 99667 99986 99997
99940 100123 99712 99570 100258 100397
99971 99915 100382 99583 99455 100694
100025 100202 99978 99280 100177 100338
99923 99919 100158 99712 99811 100477
99616 100084 100330 100282 99550 100138
99817 99708 99982 99945 100497 100051
99856 99971 100434 99965 100071 99703
99548 99925 99963 99797 100456 100311
99858 99827 100328 100048 99860 100079
99851 100171 99872 100041 100095 99970
100047 99649 99887 99756 100688 99973
100220 99802 100487 99815 99457 100219
99995 100199 100244 99491 100099 99972
99879 99779 100390 100291 100063 99598
99979 100218 99655 100365 100356 99427
99653 100146 100229 100122 99553 100297
99952 100345 99894 99536 100176 100097
100248 100031 99865 99763 100146 99947
99976 100714 99406 100402 99867 99635
100142 100139 100557 99679 99678 99805
99933 100302 99954 100292 99858 99661
99395 100166 100425 100274 100643 99097
99839 100008 100094 99637 100193 100229
100023 99746 99781 100021 100338 100091
99984 100848 100080 99691 99756 99641
100315 99973 99815 100253 100017 99627
99711 100240 100694 99453 99774 100128
99948 100319 99683 100275 99892 99883
100525 99843 99932 99643 100125 99932
99929 99393 99875 100465 100190 100148
99929 100591 99530 99724 99928 100298
99971 100345 99793 99540 99723 100628
99658 100040 100182 100308 99954 99858
99801 100081 99615 99829 100049 100625
99617 100456 99665 100061 99963 100238
100116 99745 100150 99676 100303 100010
100037 99882 99953 100063 99755 100310
99653 99755 100222 100256 99826 100288
99538 100107 100412 100020 99807 100116
99729 99904 99447 100445 99991 100484
99944 99685 100374 100215 99917 99865

# 6,000,000개 100번
# E(x) = 100,000,000
99995368 99994634 100018262 99983300 100003360 100005076
999901 999470 1000640 1000457 999749 999783
1000958 1001014 1000271 999705 999271 998781
1000554 1001993 999345 998920 1001354 997834
1000046 1000728 1000638 998141 1000564 999883
999517 999201 999523 999816 1000905 1001038
999100 1000381 1001683 999294 999754 999788
999479 999093 1000507 1000821 1000513 999587
997612 1000776 1001290 999678 1001009 999635
1000768 998515 1000869 999535 1000564 999749
1001274 998575 999997 1000329 999247 1000578
999745 999891 999539 1000873 1000395 999557
1000515 998307 1001576 999790 1000482 999330
1000417 998782 1000818 999117 999783 1001083
1000162 999244 1000379 1000586 999115 1000514
999475 998485 1000719 999592 1000412 1001317
998515 1000510 1000147 998416 1001357 1001055
999165 1002087 999169 998721 1001444 999414
999939 999926 999553 1000514 1000544 999524
1000810 1001290 999847 999488 999205 999360
999287 1000847 999370 999894 1000377 1000225
1000409 1000857 999604 998613 999487 1001030
997636 999668 1000586 1001834 1001347 998929
1000423 998881 998528 1001545 1000117 1000506
997914 1001092 1000102 999827 1001652 999413
999393 1000232 1001216 1000989 998432 999738
1000456 999565 999644 1000030 999802 1000503
999894 998476 1001864 1000108 999940 999718
999938 999040 999205 999105 1001830 1000882
1000122 999361 1001042 999603 999479 1000393
999599 1000044 1001225 1000165 999459 999508
1000315 1000288 1001264 998145 1000786 999202
1000250 1000024 1002049 999208 998629 999840
1000454 998360 998383 1000120 1002001 1000682
998209 1001353 999074 1000653 1000103 1000608
1000240 998888 998940 998911 1002227 1000794
1000067 1000557 1001458 998426 999399 1000093
998191 1002409 999974 999238 1000669 999519
998665 999439 1000191 1002602 1000310 998793
1001095 1000720 999434 999736 999810 999205
1000546 1000140 1001554 999535 999059 999166
999674 1000358 1000234 999742 1000312 999680
1000698 1000062 999660 999526 1000743 999311
999597 999641 1000377 1000603 1000493 999289
1000618 1001581 999581 999112 998731 1000377
1000554 1000359 998411 998813 1000435 1001428
1000975 1000576 999795 998943 999281 1000430
999565 1000382 1000456 1000168 999103 1000326
1001150 999533 1001339 999957 999172 998849
998876 1000028 998875 1000726 1000598 1000897
999587 1000381 999910 999233 1000118 1000771
1002079 1000743 1000930 998383 999079 998786
998628 999256 1000453 1000219 1000141 1001303
1000628 999313 1000092 1000106 1000510 999351
1000753 999981 1000437 999501 999708 999620
1000818 1000225 999541 998726 1000025 1000665
999359 1000876 1000320 999369 1000165 999911
999949 998500 998961 1000110 1001217 1001263
998320 999190 1001737 1001442 1000056 999255
1000797 998504 1001974 999820 999559 999346
1000201 1000474 999799 998475 1000522 1000529
1000529 999629 999835 998632 998867 1002508
1000772 999401 999949 1000707 998901 1000270
998611 999905 1001526 999405 1000480 1000073
1000204 1000654 998635 999705 1001054 999748
997762 1001148 1000534 1000208 999530 1000818
1000842 999666 999786 999293 998902 1001511
999859 1000581 1000491 999886 998853 1000330
1000340 1001184 1000907 998796 998938 999835
1000201 999815 1000559 999001 1000317 1000107
1000090 1000491 1000056 1001467 999149 998747
1000812 998658 1000646 1000247 1000119 999518
1001243 999153 998786 999189 1000888 1000741
1000325 1001029 998653 1000018 1000364 999611
1000632 999878 998030 1001834 999706 999920
1000792 1000015 999870 998849 1000423 1000051
1000913 999352 1000533 998810 1000220 1000172
1001118 1001558 999105 1001047 997571 999601
999037 1000662 1001180 1000404 999512 999205
1000567 999869 998787 999096 1000729 1000952
1000441 999557 998970 1000445 999269 1001318
1001280 999828 1000452 999895 999254 999291
1000021 1000779 999627 999848 998795 1000930
998856 1000046 999985 1000801 999966 1000346
999771 1000065 999264 999589 1000489 1000822
1000797 999330 1000969 1000349 999134 999421
1001461 999715 999287 1000543 998628 1000366
1000596 999744 999867 999429 1001107 999257
1000252 998245 1000991 999655 1000085 1000772
999337 999116 1000891 999925 999880 1000851
999201 998594 1000672 1001061 1000812 999660
998636 999849 999474 1000538 1000882 1000621
999276 1001136 1001473 1000248 999788 998079
998752 999559 1000626 999923 999868 1001272
999774 999663 999760 999820 1001396 999587
999691 999634 999469 1000004 999872 1001330
1000808 1000600 999758 998038 999979 1000817
998188 1000946 1002295 1000872 999156 998543
999321 999932 1001408 999816 999187 1000336
999659 998507 1001707 999538 1000319 1000270
1000720 998669 999350 1001315 1000421 999525

# 60,000,000개 100번
# E(x) = 1,000,000,000
1000006473 1000020046 999955849 999986445 1000001058 1000030129
10005830 10000291 10001311 9999833 9994650 9998085
9996463 9998616 10000162 9998963 10003663 10002133
10000882 10000191 9995668 10002548 10000074 10000637
9998027 10001822 9998505 10001781 9998200 10001665
9996058 10004040 10002648 9997517 10002376 9997361
9998013 10002808 10003289 9996734 9998838 10000318
10003485 9999374 9995281 9999639 10001736 10000485
9997047 9998201 10000268 10001297 10005402 9997785
9999228 9998546 9998917 10004894 10000801 9997614
10000101 9996887 10000118 10002824 9999831 10000239
10000456 10001873 9997469 10001247 9999772 9999183
10003631 10004852 9994792 9998779 9998597 9999349
9999639 10002479 9995973 10002637 9999780 9999492
10000471 10001138 9994067 10001328 10000703 10002293
10001998 10000772 10000373 9998994 9998125 9999738
10002224 10001424 10004015 9998121 9998686 9995530
10004652 10000264 9997179 9997040 10003386 9997479
9995392 9997201 9997807 10001621 10003772 10004207
9998512 9994490 10002411 10005234 9999319 10000034
10000998 10005451 10001772 10001424 9995574 9994781
10002675 10002108 9998266 10002340 9996797 9997814
9996108 10000886 10002300 9998104 10002522 10000080
10003310 10003877 9996850 9995073 9999844 10001046
9997698 10001845 10001643 9994750 10000818 10003246
10003643 9998228 9997882 10001892 9999729 9998626
9999741 10000050 9999788 9999124 9999872 10001425
9998609 10006585 9996391 10000110 9997875 10000430
9996274 9998897 10004962 9999952 10002481 9997434
10003249 9999933 9999559 9996978 9999568 10000713
10004147 9998800 10002624 9993552 10002269 9998608
10004579 10002917 9997571 9998513 10001243 9995177
9996908 10001593 9999307 9998135 10003333 10000724
9999613 10003559 9998541 10000286 9996454 10001547
10002330 10001151 9999110 9998829 9995105 10003475
10002199 9997800 10001202 9997329 10000554 10000916
10002576 9999383 10001563 10001327 9997700 9997451
10004215 9998529 9998113 10001246 9997421 10000476
9998684 9998178 9996270 10001671 10003534 10001663
9996643 10005453 10001527 9994879 9999337 10002161
10008838 9999104 9997520 9998294 9994587 10001657
10002589 10001658 9997053 9996050 9997753 10004897
9997514 10002279 9995773 10005002 9997599 10001833
10001157 9994721 10001235 10001193 10000234 10001460
9998896 10004157 9999172 9999083 10001177 9997515
9997434 9997106 10003492 9999800 10004285 9997883
9996104 10000709 10000787 10003418 9999859 9999123
9998402 9996228 9999726 10004442 9994646 10006556
10001233 9995733 9997842 10003658 10002617 9998917
10003848 9997478 9999188 9996273 9994619 10008594
9999351 9998508 9999716 10001279 10000274 10000872
9992666 9996961 10001633 10004462 9998450 10005828
9999520 10001238 10000569 10000867 9998166 9999640
10001719 10000659 10005673 9997919 9998714 9995316
9998488 10001748 10002206 9995679 10001348 10000531
10003467 9996869 10002966 9998162 10001286 9997250
9998535 10000407 9998074 10001759 10000780 10000445
10001407 10000348 10001285 9998679 9997454 10000827
10002226 9996075 9998563 10000480 10001611 10001045
9997970 10003592 10000954 9998301 10001635 9997548
10001012 9997499 9998221 9999649 10002978 10000641
9997052 10002484 10003287 10002771 9998057 9996349
9999120 10003047 9992573 10007188 9999717 9998355
10005071 10002638 9997686 10001609 9994634 9998362
10002424 10001989 10001109 10001619 9998616 9994243
9996589 9998193 10001254 10001504 10002309 10000151
9995997 10002229 10002037 10002024 9994787 10002926
9999535 9999432 10001134 9999652 10002900 9997347
9998433 9998888 9995256 10003160 10000769 10003494
10001085 10001380 9992562 10001056 10002861 10001056
9999463 10003464 9994798 9999435 10004056 9998784
10000414 10000219 10002584 9994976 10001260 10000547
10002764 10002065 9997314 9995298 9997925 10004634
10000972 10002492 9996937 10005070 9998273 9996256
9995382 10004946 10001958 9994613 10002611 10000490
9993524 9996372 9999854 10001841 10004975 10003434
9997381 9997108 10001103 9996276 10006461 10001671
10002361 9997992 10002647 9997318 9995437 10004245
9997629 10001505 10001377 9998791 10002245 9998453
10001578 9996209 10002380 9998512 10004272 9997049
10001341 9997438 9998990 10001340 9998159 10002732
10001238 10003484 9996765 10002173 9999575 9996765
10003582 9999725 10001061 9993979 9998556 10003097
9996031 10001549 9997766 10002762 10000040 10001852
9998705 9998633 9998806 10000503 10001624 10001729
10001724 9998954 10002573 9998958 10000140 9997651
9997097 9997423 9996283 10000871 10003387 10004939
9998212 10002109 9994648 9997313 10004670 10003048
9999758 9998598 9997921 10000408 10002442 10000873
9997708 10000718 9999274 10000634 9997308 10004358
9998316 9999668 10000741 9993758 10005779 10001738
10005764 9998894 9997192 10000529 9999780 9997841
9999096 10004356 9999689 9997237 10001194 9998428
9999171 10000623 10004409 9998024 9998244 9999529
10002600 9998661 10000926 9995993 9998704 10003116
10002668 9999313 9998370 9999212 9998600 10001837
9999888 9993754 10000149 10004506 9998910 10002793
9999939 9997936 9999356 10001726 10000294 10000749
9999300 10003276 9999479 10003684 9998016 9996245
10006440 9994461 10002410 9996945 9997210 10002534
9992437 10004252 10004049 10002183 9996448 10000631