주사위 더하기 결과

# 10번
30 62 78 86 154 137 163 107 95 61 27
0 1 0 0 2 0 2 4 0 0 1
0 1 0 1 2 2 1 2 1 0 0
0 0 0 0 3 2 2 2 0 1 0
0 0 0 0 5 2 0 1 1 1 0
0 1 0 1 1 1 3 0 1 1 1
1 0 1 1 0 1 1 1 3 1 0
1 1 0 0 2 1 2 1 0 2 0
2 0 0 1 0 0 3 1 1 1 1
0 2 1 2 3 0 0 0 1 1 0
0 0 0 0 3 1 2 1 2 1 0
0 1 2 0 1 3 1 1 0 1 0
0 0 0 0 0 2 4 0 2 2 0
1 1 1 0 1 1 3 2 0 0 0
0 0 1 3 1 1 2 1 1 0 0
0 1 0 0 3 2 0 2 1 1 0
0 0 0 2 0 2 3 2 1 0 0
1 0 2 0 2 2 1 0 1 1 0
1 0 0 0 0 3 2 2 2 0 0
0 1 0 0 3 0 5 0 1 0 0
0 1 2 1 1 2 1 1 1 0 0
1 0 1 1 1 1 1 0 2 2 0
0 0 0 0 1 1 5 1 0 2 0
0 0 1 2 1 1 1 0 4 0 0
0 0 0 2 2 2 0 1 0 3 0
0 1 1 0 1 3 2 2 0 0 0
0 1 4 2 0 1 0 1 1 0 0
0 1 1 1 3 1 2 0 0 1 0
2 0 0 2 0 1 2 1 2 0 0
2 1 2 0 1 1 2 0 0 0 1
0 0 1 2 3 2 1 0 0 0 1
0 0 0 0 2 1 3 2 2 0 0
1 1 1 1 0 1 1 2 0 2 0
2 0 0 1 2 1 1 2 0 1 0
0 1 1 0 0 1 2 2 3 0 0
0 3 1 1 1 0 1 0 1 2 0
1 0 0 0 0 2 2 1 3 1 0
0 1 0 1 1 3 1 2 0 0 1
0 0 1 3 2 2 1 1 0 0 0
0 1 0 0 1 3 2 2 1 0 0
0 0 3 0 0 2 2 0 2 0 1
1 0 1 1 1 2 3 1 0 0 0
0 0 0 1 4 0 0 3 2 0 0
0 0 0 1 2 1 3 0 1 2 0
1 2 2 0 2 1 1 0 0 0 1
0 0 3 0 1 2 2 1 0 1 0
0 0 1 0 3 1 2 1 1 1 0
0 0 1 0 1 1 3 2 1 0 1
0 1 0 1 2 0 2 3 0 0 1
0 0 0 2 1 2 3 1 0 1 0
0 0 0 0 2 1 2 2 2 1 0
0 1 2 1 1 1 2 1 1 0 0
0 1 1 0 3 1 1 1 1 1 0
0 0 1 2 2 1 1 0 3 0 0
0 1 1 2 0 2 2 1 0 1 0
0 0 1 2 2 3 0 0 2 0 0
0 1 1 2 1 1 3 1 0 0 0
0 1 3 1 0 2 2 1 0 0 0
1 0 2 1 2 0 0 1 0 2 1
0 1 1 2 1 0 3 1 1 0 0
0 1 0 1 2 1 1 1 2 1 0
0 0 1 0 3 2 0 2 2 0 0
1 2 1 1 0 4 0 0 1 0 0
0 3 1 1 1 1 1 1 1 0 0
0 0 0 3 1 2 0 1 1 1 1
0 2 0 0 2 5 0 0 1 0 0
0 0 1 1 0 1 4 2 1 0 0
0 0 1 0 3 2 2 2 0 0 0
0 0 2 0 0 2 2 2 0 2 0
1 1 1 0 4 0 1 0 0 1 1
0 0 1 0 1 5 1 0 0 1 1
1 0 0 1 3 1 1 1 2 0 0
0 3 1 0 2 1 2 0 1 0 0
0 1 0 2 1 4 0 0 1 1 0
0 1 1 0 1 1 1 2 1 0 2
0 0 0 0 4 1 2 0 2 1 0
0 0 1 3 0 2 2 0 2 0 0
0 0 0 2 2 1 0 2 1 1 1
0 0 2 1 0 1 1 1 1 2 1
0 0 0 2 2 1 0 1 1 2 1
0 0 1 0 2 1 5 0 1 0 0
0 1 0 1 2 1 1 1 0 2 1
1 0 1 0 4 0 1 2 1 0 0
0 1 1 2 0 2 1 2 0 0 1
1 1 0 0 2 0 2 2 0 1 1
1 0 3 0 1 1 2 0 0 1 1
1 0 0 1 4 0 2 1 1 0 0
0 1 1 2 3 1 0 0 0 1 1
0 1 2 1 0 1 2 1 1 1 0
0 0 0 0 4 3 2 1 0 0 0
1 1 1 1 0 2 0 3 1 0 0
1 1 1 1 2 2 2 0 0 0 0
0 0 0 2 2 0 2 0 4 0 0
0 0 2 0 2 1 2 2 1 0 0
0 1 0 0 2 0 2 3 0 1 1
0 2 0 2 0 1 2 2 1 0 0
0 3 0 2 0 1 1 1 1 1 0
0 1 1 1 1 1 1 1 1 1 1
0 3 0 1 1 1 1 1 1 0 1
2 0 0 0 3 0 2 1 2 0 0
0 0 1 1 1 0 4 0 2 1 0

# 100번
275 562 829 1126 1356 1690 1360 1100 860 568 274
2 4 9 12 13 21 14 10 8 6 1
4 7 7 7 14 17 8 13 15 6 2
3 6 7 10 14 22 15 9 6 6 2
3 5 11 16 9 16 10 10 11 7 2
3 6 8 10 14 14 15 13 12 4 1
4 4 12 8 18 11 15 15 7 5 1
3 5 7 18 15 17 14 10 4 4 3
1 4 10 12 20 21 10 10 5 2 5
5 7 8 12 11 17 10 13 4 7 6
4 4 10 14 14 18 9 10 8 6 3
4 6 11 9 16 5 15 15 12 7 0
1 8 9 14 12 16 14 10 10 5 1
0 3 9 18 12 18 14 9 10 3 4
4 6 7 7 9 18 17 13 14 2 3
2 4 5 10 14 17 14 13 10 8 3
3 5 7 13 13 17 6 11 11 11 3
7 7 11 7 8 15 14 12 6 7 6
5 5 6 11 15 13 12 15 7 9 2
2 9 10 10 13 22 9 10 8 4 3
1 11 9 12 20 17 12 3 10 5 0
4 6 11 10 14 12 19 15 3 4 2
2 6 8 13 17 16 13 10 10 5 0
3 6 9 7 12 15 19 8 9 8 4
5 10 9 10 14 20 13 9 2 4 4
5 5 8 11 13 23 10 8 8 7 2
2 6 11 8 10 25 12 9 7 7 3
2 2 10 9 13 18 16 11 11 7 1
3 5 3 7 16 17 11 15 12 9 2
1 6 8 14 11 18 16 16 6 2 2
0 4 8 12 20 12 17 7 9 8 3
2 7 6 13 14 17 19 10 5 6 1
4 6 8 12 17 16 5 11 8 10 3
1 1 10 15 13 16 20 11 5 6 2
0 8 7 8 19 19 16 8 6 4 5
6 4 11 11 18 10 14 12 7 5 2
2 2 8 12 18 22 13 8 7 4 4
3 2 5 17 15 15 15 9 12 5 2
3 8 11 14 14 17 7 10 9 4 3
1 4 9 12 16 21 11 8 8 7 3
2 7 12 14 13 17 15 12 6 2 0
0 6 9 13 11 20 13 10 8 6 4
1 2 10 11 13 17 17 13 12 3 1
5 6 6 6 16 21 12 13 11 2 2
6 7 10 9 9 14 10 12 11 7 5
1 8 10 10 10 19 9 11 11 7 4
4 5 10 9 12 12 14 13 10 4 7
8 3 11 12 14 20 11 12 4 4 1
2 4 11 9 13 22 10 10 12 4 3
3 7 7 11 10 17 20 10 9 5 1
6 3 8 8 13 13 14 13 12 5 5
3 7 11 9 16 9 16 11 9 8 1
3 6 12 8 16 19 12 9 6 6 3
2 3 9 10 19 25 9 7 9 3 4
2 9 14 4 12 16 11 13 7 10 2
3 7 5 12 13 17 15 9 12 4 3
3 4 12 12 16 16 11 11 8 6 1
2 7 7 15 15 12 11 10 13 4 4
2 7 2 17 21 14 10 9 11 5 2
1 11 10 10 11 20 16 10 7 3 1
4 7 10 12 12 18 15 6 8 6 2
3 6 5 15 15 20 14 9 10 2 1
4 7 7 9 14 12 20 9 11 4 3
3 9 4 12 17 13 10 10 10 7 5
4 8 8 9 13 14 17 8 9 7 3
0 4 6 17 10 11 16 10 16 5 5
3 1 8 16 13 19 10 12 13 3 2
5 5 9 15 14 23 9 12 5 3 0
4 4 5 6 12 15 18 18 11 3 4
1 2 4 10 12 15 22 18 9 6 1
3 5 6 9 15 11 16 16 10 5 4
2 1 8 9 8 25 16 16 7 6 2
6 7 9 11 17 8 11 20 6 2 3
2 5 12 13 9 16 17 8 4 10 4
3 4 8 9 14 18 13 12 8 7 4
1 4 9 6 11 27 13 10 7 8 4
6 11 5 13 11 12 15 5 13 4 5
2 8 7 14 10 14 19 14 6 4 2
1 11 7 9 11 12 12 14 9 10 4
0 6 8 12 18 27 13 6 3 6 1
3 3 8 9 9 15 18 14 10 8 3
2 5 7 14 17 13 17 12 4 8 1
1 8 8 8 13 11 17 12 12 6 4
3 4 5 13 17 16 12 9 11 6 4
3 5 5 15 8 20 14 17 6 6 1
3 2 9 13 9 15 17 10 11 9 2
3 6 5 15 11 19 18 4 12 4 3
0 6 13 11 16 21 9 11 8 2 3
2 5 5 8 11 21 12 11 8 7 10
0 8 12 5 12 20 13 12 10 6 2
1 4 7 4 19 19 17 13 9 5 2
0 10 6 18 14 17 13 7 5 8 2
1 10 7 11 13 21 10 5 12 5 5
3 4 6 9 11 20 22 7 8 7 3
4 4 6 10 13 14 11 18 9 8 3
4 3 10 11 10 20 11 15 6 8 2
3 6 9 11 12 15 10 16 10 5 3
3 7 9 18 15 14 13 10 3 7 1
4 4 10 17 10 20 14 7 6 6 2
3 6 7 13 16 15 18 8 5 6 3
3 4 11 13 13 13 9 12 10 9 3

# 1,000번
2750 5498 8357 10933 13865 16728 14117 11189 8223 5545 2795
30 55 77 133 131 151 148 106 80 54 35
28 47 71 103 147 157 160 122 90 53 22
26 51 93 108 135 152 144 130 76 55 30
21 66 75 94 153 176 129 119 88 57 22
27 58 80 131 129 182 126 97 80 67 23
23 63 97 110 125 181 122 120 88 39 32
27 53 67 111 145 173 150 114 85 54 21
20 63 77 100 125 199 161 91 80 61 23
16 60 98 105 150 175 130 103 84 61 18
30 55 85 99 133 171 138 108 103 52 26
22 56 88 123 142 148 140 101 90 63 27
25 57 102 100 114 162 155 123 79 53 30
25 55 67 125 145 171 131 104 80 67 30
32 58 71 103 135 180 144 116 79 50 32
26 52 89 125 128 158 157 107 77 50 31
30 67 73 107 130 156 169 110 76 56 26
31 57 80 112 157 127 153 115 82 62 24
31 40 97 110 139 182 118 128 83 50 22
33 59 60 104 141 190 133 118 83 57 22
17 55 75 107 138 178 139 118 78 64 31
32 45 82 120 136 174 130 118 84 47 32
35 55 92 103 124 167 141 119 72 62 30
31 49 88 110 136 175 131 98 100 58 24
18 60 79 118 149 159 150 113 73 52 29
30 60 75 123 130 176 139 103 88 44 32
27 51 78 96 142 170 137 112 93 60 34
40 44 73 105 139 177 142 111 79 54 36
24 50 87 116 141 178 136 101 80 61 26
22 54 81 134 140 159 134 100 91 55 30
26 47 98 99 153 179 131 121 72 48 26
29 60 84 96 135 171 139 106 73 79 28
42 53 82 113 138 176 132 104 78 50 32
19 65 78 105 141 165 140 120 79 59 29
29 54 94 114 138 154 155 115 61 68 18
31 57 98 114 127 158 141 109 76 56 33
24 58 84 120 136 188 128 91 82 62 27
25 58 92 103 145 175 146 108 72 49 27
22 49 88 120 132 162 136 106 85 62 38
39 53 87 110 147 165 138 121 77 33 30
15 47 90 124 136 156 132 125 98 52 25
31 60 80 113 118 171 123 119 108 49 28
26 63 88 87 138 175 145 101 85 62 30
25 60 79 122 142 172 150 94 80 46 30
18 59 85 128 144 154 153 91 83 58 27
40 56 100 110 115 173 136 116 81 44 29
21 47 78 104 142 158 142 114 108 55 31
26 55 81 116 137 161 144 111 73 64 32
22 56 86 103 123 168 169 117 82 54 20
30 64 78 92 142 164 144 119 78 57 32
25 51 82 109 134 170 138 108 88 64 31
25 58 93 98 151 164 129 118 75 66 23
31 59 91 122 123 168 136 105 77 55 33
30 43 85 102 144 147 152 119 93 61 24
33 41 65 94 154 188 129 116 81 75 24
30 54 74 95 139 166 136 123 101 53 29
33 61 81 111 128 177 128 120 77 53 31
36 55 70 105 132 171 156 121 77 47 30
26 62 97 106 143 160 141 91 91 56 27
27 60 89 110 143 164 124 118 83 58 24
39 41 93 107 137 154 158 119 70 62 20
19 62 78 110 166 159 148 108 72 44 34
25 45 79 89 143 172 164 131 82 45 25
35 48 101 98 135 154 145 111 96 49 28
26 43 91 123 122 163 156 109 69 65 33
33 66 76 109 139 177 140 101 79 51 29
30 56 94 111 146 158 126 107 86 58 28
29 61 91 115 146 162 122 107 76 58 33
37 51 86 99 148 160 147 115 81 52 24
24 55 93 104 147 179 134 109 64 57 34
35 65 76 100 130 165 147 128 85 45 24
28 59 98 104 125 173 139 114 93 37 30
25 49 90 106 149 150 143 125 79 56 28
27 57 89 100 132 163 146 120 79 63 24
37 69 67 111 119 181 149 114 82 50 21
29 55 82 86 127 198 154 112 79 50 28
32 55 72 123 131 157 145 114 86 53 32
28 51 85 103 152 162 152 111 84 49 23
24 52 106 107 140 164 142 111 74 51 29
41 52 92 112 135 162 136 97 87 58 28
20 46 94 113 140 165 141 124 64 64 29
25 57 105 118 143 150 114 120 73 64 31
18 58 75 125 136 179 147 95 81 66 20
20 63 77 123 145 164 131 122 75 49 31
30 52 88 92 149 160 125 123 100 59 22
20 62 87 111 135 161 148 117 80 47 32
33 47 68 109 146 164 162 118 68 58 27
33 63 76 114 137 177 142 111 69 54 24
25 51 92 109 155 158 121 115 90 48 36
24 50 73 129 123 162 159 108 74 62 36
29 51 92 102 142 177 150 90 89 51 27
25 51 81 124 126 167 138 113 84 56 35
24 70 78 104 141 145 149 120 86 59 24
21 50 84 81 147 182 148 135 80 49 23
30 65 92 101 137 156 145 115 67 67 25
21 40 66 112 167 169 148 103 100 42 32
26 63 70 124 151 169 137 101 84 52 23
23 35 76 113 139 176 138 117 92 56 35
24 52 75 115 155 164 128 101 110 48 28
30 66 72 108 127 178 136 110 78 68 27
31 54 83 109 156 168 137 96 81 60 25

# 10,000번
27889 55641 82928 111308 138917 166181 139004 111288 83073 55851 27920
292 545 838 1122 1424 1623 1400 1092 887 519 258
318 544 810 1138 1344 1689 1418 1067 800 596 276
298 556 838 1119 1419 1665 1338 1103 839 559 266
253 577 825 1090 1383 1693 1376 1151 814 552 286
304 557 817 1078 1374 1656 1401 1099 870 584 260
280 545 814 1109 1366 1699 1348 1132 864 552 291
309 539 828 1182 1377 1584 1409 1110 837 549 276
269 591 815 1126 1372 1702 1375 1145 825 513 267
273 538 852 1122 1403 1673 1373 1100 820 565 281
271 511 850 1093 1400 1708 1396 1052 842 585 292
269 562 803 1117 1353 1627 1428 1156 868 558 259
284 545 840 1155 1384 1673 1409 1145 803 520 242
273 530 792 1116 1456 1684 1346 1126 864 527 286
311 553 876 1051 1396 1668 1347 1073 860 580 285
281 578 854 1121 1400 1653 1346 1160 789 541 277
284 554 824 1088 1388 1616 1403 1137 851 557 298
247 562 814 1152 1428 1675 1388 1111 815 539 269
254 530 827 1103 1436 1678 1374 1085 868 579 266
287 565 838 1099 1372 1680 1362 1089 834 558 316
251 585 812 1142 1409 1659 1367 1092 840 563 280
245 571 859 1125 1352 1646 1431 1169 787 551 264
290 519 845 1162 1341 1615 1406 1111 847 580 284
303 533 809 1089 1374 1665 1431 1097 835 577 287
275 506 842 1111 1413 1672 1372 1182 806 572 249
256 559 831 1145 1371 1655 1377 1167 843 550 246
296 588 772 1053 1386 1664 1410 1165 811 565 290
292 594 840 1109 1339 1633 1404 1137 822 560 270
291 531 808 1131 1441 1704 1357 1097 838 543 259
263 550 865 1085 1388 1677 1403 1116 824 557 272
276 550 864 1095 1369 1647 1385 1103 860 558 293
264 530 846 1079 1433 1678 1369 1137 809 582 273
276 595 790 1095 1397 1642 1392 1101 818 579 315
266 578 841 1091 1339 1705 1379 1162 818 541 280
281 553 774 1197 1348 1653 1406 1101 857 555 275
259 547 833 1161 1339 1659 1406 1125 838 568 265
288 590 834 1087 1374 1670 1386 1064 844 575 288
280 572 850 1132 1361 1659 1410 1090 827 542 277
294 521 847 1100 1377 1660 1422 1094 836 548 301
284 522 824 1135 1385 1691 1457 1091 786 540 285
272 560 837 1141 1384 1680 1407 1109 800 551 259
263 578 852 1143 1375 1703 1404 1064 786 560 272
308 520 814 1055 1434 1675 1362 1140 837 550 305
266 550 829 1115 1364 1698 1420 1104 799 589 266
278 583 812 1117 1424 1686 1410 1072 787 555 276
292 534 815 1146 1419 1591 1414 1090 861 567 271
300 573 811 1092 1433 1602 1452 1104 814 538 281
300 601 878 1026 1388 1643 1373 1044 879 596 272
270 555 853 1110 1379 1613 1399 1108 868 538 307
298 554 797 1155 1399 1643 1390 1058 881 544 281
296 553 821 1119 1423 1638 1402 1088 827 546 287
313 546 866 1075 1369 1674 1375 1132 829 521 300
303 541 821 1117 1368 1692 1425 1090 803 526 314
265 553 851 1096 1422 1668 1354 1123 833 548 287
256 539 817 1036 1466 1721 1392 1082 840 586 265
241 558 864 1139 1363 1670 1401 1115 832 521 296
264 568 847 1111 1367 1656 1372 1148 820 568 279
305 571 785 1091 1366 1663 1448 1138 779 548 306
286 526 825 1096 1363 1708 1406 1152 811 542 285
279 605 843 1104 1331 1722 1359 1082 845 569 261
286 583 826 1099 1404 1648 1343 1129 844 571 267
272 578 847 1111 1411 1592 1455 1099 806 564 265
305 598 819 1063 1378 1612 1451 1107 820 571 276
271 569 833 1155 1377 1632 1406 1070 848 537 302
281 514 808 1140 1367 1731 1406 1061 844 564 284
275 555 845 1136 1319 1675 1337 1137 834 593 294
260 565 828 1107 1338 1695 1388 1138 794 606 281
253 570 825 1100 1346 1718 1432 1091 799 577 289
281 523 822 1119 1347 1626 1428 1137 866 556 295
283 557 825 1148 1379 1658 1370 1092 837 561 290
279 586 811 1084 1422 1640 1431 1102 817 556 272
288 568 836 1091 1363 1626 1450 1125 858 549 246
289 569 805 1100 1436 1624 1351 1096 870 582 278
289 544 837 1127 1365 1687 1354 1124 805 594 274
267 587 860 1041 1414 1676 1369 1113 832 561 280
268 570 820 1102 1322 1655 1370 1120 869 604 300
277 549 806 1162 1431 1610 1419 1095 840 533 278
262 544 841 1128 1419 1715 1358 1075 842 526 290
296 559 826 1151 1446 1640 1347 1086 800 574 275
269 529 871 1118 1431 1597 1386 1123 834 588 254
285 549 774 1086 1459 1707 1379 1127 828 544 262
250 540 835 1117 1421 1672 1374 1123 868 543 257
280 540 843 1149 1384 1626 1396 1156 806 550 270
237 583 825 1092 1420 1659 1374 1105 825 582 298
274 572 811 1120 1369 1577 1454 1156 804 610 253
285 520 835 1069 1381 1692 1382 1148 800 571 317
257 543 845 1108 1408 1671 1392 1128 855 508 285
276 571 834 1069 1391 1657 1407 1129 847 512 307
293 542 771 1160 1371 1594 1424 1118 872 575 280
280 538 842 1119 1412 1691 1376 1154 764 509 315
260 542 809 1079 1366 1744 1404 1167 761 601 267
290 530 790 1143 1419 1654 1390 1130 828 565 261
312 575 812 1186 1410 1631 1351 1106 814 552 251
261 546 837 1130 1380 1640 1384 1094 876 555 297
275 578 861 1123 1388 1652 1382 1098 832 550 261
281 587 807 1106 1408 1623 1368 1159 835 543 283
288 539 851 1095 1456 1693 1356 1075 814 569 264
254 598 835 1119 1392 1705 1326 1077 858 570 266
307 584 833 1103 1373 1653 1364 1154 822 519 288
277 587 860 1135 1359 1635 1370 1086 809 585 297
274 516 848 1129 1387 1702 1328 1101 869 569 277

# 100,000번
276982 555672 833892 1112831 1385719 1666328 1388707 1112445 833883 556660 276881
2732 5485 8295 11120 13889 16706 13976 11235 8318 5494 2750
2725 5525 8433 11216 13765 16325 13950 11104 8492 5700 2765
2656 5576 8369 11137 13946 16716 13725 11197 8306 5548 2824
2825 5597 8443 10953 13879 16727 13896 11115 8375 5533 2657
2774 5621 8374 10992 13967 16629 14000 11072 8209 5542 2820
2807 5490 8368 11264 13843 16650 13882 11088 8357 5505 2746
2794 5606 8369 11111 13841 16806 13757 11115 8238 5599 2764
2803 5736 8392 11328 13693 16495 13816 11113 8260 5595 2769
2859 5512 8219 11148 13885 16567 14006 11118 8287 5569 2830
2707 5529 8351 11100 13815 16627 13984 11037 8362 5731 2757
2732 5604 8285 11189 13792 16749 13723 11162 8232 5714 2818
2749 5588 8473 11154 13779 16586 13935 11308 8144 5550 2734
2835 5604 8456 11026 13821 16681 13848 11130 8342 5482 2775
2766 5566 8385 11134 13760 16686 13943 11164 8279 5530 2787
2679 5511 8461 11109 13939 16545 13987 11142 8262 5638 2727
2821 5524 8237 11136 13749 16514 14092 11288 8210 5577 2852
2719 5619 8249 11099 13861 16602 14095 11023 8479 5543 2711
2842 5530 8295 11107 13623 16773 13977 11130 8421 5561 2741
2840 5514 8404 11187 13667 16792 13788 11029 8278 5644 2857
2775 5690 8286 11104 13814 16602 13882 11183 8334 5487 2843
2794 5457 8257 11354 13930 16628 13777 11127 8331 5652 2693
2816 5443 8295 11043 14025 16811 13765 11083 8429 5529 2761
2817 5601 8389 11009 13993 16464 13842 11060 8404 5525 2896
2734 5713 8476 10971 13870 16569 13828 11229 8328 5504 2778
2772 5587 8309 11137 13699 16712 14020 11083 8461 5529 2691
2750 5684 8432 10903 13739 16545 14149 11180 8309 5554 2755
2810 5493 8392 11093 13934 16578 13892 11215 8305 5545 2743
2729 5596 8287 11130 13974 16602 13898 11045 8381 5576 2782
2758 5552 8245 11049 13929 16610 13940 11084 8405 5575 2853
2872 5551 8335 11020 13788 16702 13883 11203 8344 5546 2756
2745 5601 8234 11357 13976 16599 13775 10999 8346 5585 2783
2759 5554 8188 11008 13797 16736 14153 11106 8342 5607 2750
2850 5563 8210 11235 13717 16767 13822 11044 8386 5659 2747
2709 5354 8325 11097 13963 16748 13817 11263 8408 5582 2734
2809 5692 8446 11088 13488 16693 14003 11109 8390 5557 2725
2832 5407 8426 11224 13889 16631 13881 11120 8333 5507 2750
2777 5583 8234 11002 13902 16669 13925 11119 8447 5601 2741
2776 5673 8157 11099 13774 16668 13716 11189 8460 5741 2747
2851 5592 8304 11287 13999 16630 13710 11104 8313 5504 2706
2868 5558 8391 11252 13815 16719 13789 10913 8284 5672 2739
2841 5513 8348 11288 13898 16894 13613 11034 8165 5622 2784
2789 5410 8175 11072 13803 16700 14018 11152 8445 5630 2806
2711 5549 8334 11108 13994 16601 13787 11107 8512 5524 2773
2755 5603 8283 11213 13846 16707 13776 11010 8488 5533 2786
2756 5678 8365 11060 14003 16593 14048 11029 8233 5485 2750
2677 5486 8474 11231 13899 16578 13699 11291 8381 5578 2706
2759 5563 8350 11066 13803 16567 13848 11168 8393 5680 2803
2705 5458 8397 11149 13943 16541 13956 11074 8496 5514 2767
2791 5509 8319 11196 13734 16707 14139 11097 8135 5651 2722
2736 5400 8520 11082 13845 16802 13757 11119 8402 5555 2782
2728 5589 8368 11169 13797 16776 13913 11111 8402 5517 2630
2838 5517 8252 11214 13881 16710 13734 11176 8386 5478 2814
2762 5530 8283 11253 13752 16658 13935 11250 8247 5589 2741
2839 5503 8165 11155 13670 16809 13996 11254 8214 5608 2787
2784 5717 8325 10997 14064 16504 13812 11144 8350 5515 2788
2712 5531 8312 11330 13816 16514 13937 11157 8389 5499 2803
2794 5563 8325 11178 13729 16698 13939 11077 8237 5562 2898
2724 5540 8381 11159 13997 16660 13848 11116 8366 5484 2725
2674 5514 8428 11114 14071 16460 13927 11179 8402 5424 2807
2778 5589 8379 11189 13895 16733 13838 11026 8202 5596 2775
2773 5486 8270 11355 13961 16625 13946 11163 8179 5508 2734
2777 5524 8540 11200 13741 16484 13923 11110 8213 5656 2832
2780 5448 8275 11148 13823 16567 14070 11230 8405 5426 2828
2690 5496 8418 10960 13802 16778 13966 11050 8426 5687 2727
2759 5439 8431 11156 13857 16576 13847 11110 8396 5590 2839
2780 5630 8367 11038 13870 16648 13753 11072 8454 5544 2844
2752 5635 8369 11054 13944 16652 13879 11031 8379 5551 2754
2710 5580 8303 11094 13774 16635 14142 11161 8204 5609 2788
2792 5436 8350 11046 13866 16812 13900 11245 8346 5510 2697
2727 5550 8276 11097 13941 16522 13895 11203 8425 5564 2800
2878 5640 8329 10991 13798 16725 13895 11195 8231 5524 2794
2756 5576 8329 11082 13875 16754 14071 11099 8384 5432 2642
2620 5563 8428 10998 13897 16822 13821 11088 8249 5710 2804
2834 5537 8377 11235 13831 16740 13676 11100 8309 5631 2730
2824 5591 8334 11304 13781 16604 13964 11103 8215 5486 2794
2764 5562 8467 11180 13685 16752 13617 11063 8443 5629 2838
2669 5544 8424 11169 13907 16581 13954 11036 8346 5653 2717
2634 5572 8354 11008 13954 16844 13803 11175 8411 5468 2777
2756 5590 8160 10988 13914 16605 13909 11303 8366 5665 2744
2778 5639 8237 11092 13912 16532 13912 11231 8346 5562 2759
2810 5612 8366 11322 13945 16721 13835 10883 8274 5502 2730
2680 5635 8383 11060 13857 16671 13826 11099 8439 5622 2728
2821 5637 8318 11094 13744 16550 13965 11096 8379 5574 2822
2725 5507 8430 11088 13900 16811 13804 11072 8264 5658 2741
2784 5586 8244 11133 14029 16485 13945 11052 8364 5643 2735
2801 5629 8351 11069 13784 16924 13822 11113 8225 5528 2754
2827 5503 8248 11104 13950 16834 13655 11170 8309 5562 2838
2819 5665 8378 11262 13770 16862 13643 11039 8252 5405 2905
2721 5511 8256 11122 14065 16885 13877 10972 8355 5510 2726
2737 5555 8285 11337 13816 16516 13704 11187 8413 5748 2702
2749 5564 8410 11026 13898 16651 13824 11038 8464 5624 2752
2794 5583 8292 11004 14013 16840 13900 10941 8337 5522 2774
2825 5559 8308 11084 13860 16575 14023 11085 8363 5482 2836
2758 5496 8229 11126 13824 16682 14061 11082 8478 5555 2709
2725 5556 8349 11058 13790 16798 13974 11231 8309 5480 2730
2719 5473 8397 11160 13950 16947 13618 11123 8303 5546 2764
2873 5534 8181 11102 13708 16608 14235 11278 8183 5575 2723
2737 5596 8425 11124 13813 16562 13874 11138 8408 5454 2869
2843 5517 8354 11016 13933 16387 13996 11363 8225 5583 2783
2760 5473 8391 11150 13968 16690 13816 11116 8376 5546 2714

# 1,000,000번
2775454 5555867 8335161 11110825 13888119 16663807 13890645 11113757 8334391 5555546 2776428
27629 55572 83217 111001 139232 166658 138973 111170 83410 55201 27937
27892 55629 84021 110664 138594 166025 139383 111352 83061 55561 27818
27894 55547 83682 110442 138712 166450 139554 111312 83337 55285 27785
27793 55912 83528 110941 138621 167054 138439 111066 83047 55991 27608
27869 55342 83178 110902 138644 167112 139496 110470 83310 55745 27932
27966 55361 83063 110776 138874 166008 139854 111449 83195 55514 27940
27648 55696 83066 111208 139156 167215 138914 110950 82990 55562 27595
27692 55468 83881 111200 138544 166730 138203 111289 83597 55612 27784
28004 55721 82944 111057 139373 166749 138723 111000 83675 55293 27461
27846 55253 83079 112002 139283 166763 138609 110807 82650 56030 27678
27660 55704 82729 111633 139443 165997 138735 111210 83811 55217 27861
27923 55786 83112 110841 138922 166505 138813 111135 83769 55557 27637
27889 55386 83376 111413 138700 166824 139288 110158 83462 55739 27765
27660 55570 82959 111590 139101 166519 138912 111209 82785 55885 27810
27873 55562 83892 111627 137924 166512 138666 111393 82969 55606 27976
27767 55973 83044 111266 139033 166122 139727 110515 83099 55865 27589
27818 55461 83255 111539 138401 166253 138658 111268 83658 55825 27864
28161 55427 83298 110962 139026 166169 138917 111372 83085 55731 27852
27652 55474 83193 111297 138761 166505 139102 111544 83374 55556 27542
27994 55267 83429 111505 137917 166838 138448 111974 83270 55340 28018
27797 55922 83340 111048 138103 166468 139043 111066 83761 55667 27785
27844 55149 83249 110697 139623 166382 139133 111347 83387 55303 27886
27686 55673 83232 110925 138718 166105 139260 111526 83190 55895 27790
27565 55568 83176 110960 138718 166797 138835 110964 83654 55702 28061
27843 55759 83267 111767 138716 166503 138615 111098 83208 55561 27663
27923 55701 83626 111115 139445 165777 138685 111363 83310 55069 27986
27627 55275 83728 111253 139090 166406 139306 111309 82756 55520 27730
28024 56002 83127 111588 139343 166249 138677 110908 82446 55882 27754
27916 55348 82797 111353 138654 166540 139282 110810 83730 55829 27741
27744 55502 83215 110930 138588 166878 138889 111484 83552 55429 27789
27447 56017 83435 111418 138977 166640 138604 111014 83179 55365 27904
27775 55671 83321 111237 139397 165973 139171 110736 83611 55451 27657
27900 55453 83157 111052 138900 166217 139029 111513 83366 55657 27756
27677 55561 83379 110967 139345 166564 139588 110796 83052 55410 27661
27558 55288 83286 110828 139263 166761 139204 110924 83480 55570 27838
27804 55620 83106 110761 138760 167124 139384 110940 83473 55300 27728
27558 55639 83303 111149 138820 167033 139267 111080 82959 55606 27586
27850 55390 82829 111404 138186 166261 139424 111818 83576 55591 27671
27670 55540 82445 111079 139369 166955 138575 111213 83470 55725 27959
27965 55687 83868 110859 138903 166518 138420 111371 83388 55410 27611
27902 55402 83594 111576 139059 166304 138813 110746 83569 55138 27897
27627 55821 83677 111290 138753 166360 138863 111278 83297 55413 27621
27608 55899 83419 110709 139326 166950 138589 111005 83228 55727 27540
27750 55775 83469 111081 139158 166251 138675 111215 83489 55253 27884
27602 55580 83269 111124 138821 167032 138637 111209 83478 55585 27663
27723 55543 84024 110522 138901 166916 138738 111185 83306 55435 27707
27621 55752 83212 110731 138586 166405 139466 111142 83653 55573 27859
27710 55546 83923 110999 138819 166752 138834 110830 83353 55535 27699
27818 55365 83207 111313 138902 166619 139230 111432 82890 55604 27620
27775 55926 83046 110743 138632 166922 138463 111369 83257 55599 28268
27796 55483 83478 111099 139154 167236 138522 111153 82860 55452 27767
27831 55612 83345 111728 138371 167437 138326 111106 83328 55227 27689
27767 55425 83654 110336 139101 166531 138758 111735 83632 55385 27676
27860 55067 83712 111462 138672 166732 139160 110551 83673 55232 27879
27934 55212 83487 110509 138792 166599 139002 111135 83735 55560 28035
27785 55912 83641 111187 138884 166646 138936 111038 83283 55096 27592
27723 55184 83008 111132 138439 167071 139162 111355 83076 56043 27807
27534 55746 83552 111250 139054 166888 138566 111540 82640 55452 27778
27502 55235 83108 111125 138417 167254 139178 111128 83806 55131 28116
27679 55788 83527 110940 138881 166850 138887 110771 83397 55823 27457
27705 55405 83315 111038 138733 166849 139067 110967 83708 55520 27693
27724 55628 83115 111159 139060 166608 138768 111896 83070 55409 27563
27705 55360 83571 110925 138560 166557 139416 110719 83401 55968 27818
27741 55522 83434 111375 138854 166675 138975 111115 83130 55452 27727
27734 56100 83788 110774 138577 166704 138937 111112 83258 55576 27440
27845 55576 83766 110989 138580 166255 138167 111649 83691 55627 27855
27555 55813 83393 111680 138872 166398 138945 110696 83363 55747 27538
27621 56105 83202 110633 138845 167335 139339 110067 83127 55678 28048
27866 55710 83480 110761 138974 166445 138866 110965 83271 55613 28049
27914 55937 83597 111168 139046 166547 138227 111024 83214 55419 27907
27775 55246 83522 111292 139331 165978 138680 110986 83721 55667 27802
27716 55709 83215 111514 138495 166583 138803 110788 83737 55881 27559
27623 55509 83315 111251 139272 166538 138859 110656 83405 55576 27996
27886 55605 83490 111082 138831 166497 137964 111639 83799 55391 27816
28099 55287 82939 110950 138987 166552 139143 111305 83535 55366 27837
27565 55468 83536 111307 138542 166479 139131 110976 83605 55460 27931
27601 55517 83299 110937 138922 166480 139329 111354 82979 55800 27782
27687 55363 83064 111008 139395 166618 139426 110604 83403 55516 27916
27499 55388 83293 110699 139071 166934 138592 111354 83916 55383 27871
27617 55634 83632 110958 138809 166883 138978 111036 83057 55485 27911
27486 55862 83114 111231 138804 166739 138653 111006 83770 55452 27883
27954 56023 83650 110843 138517 166512 139099 110708 83772 55376 27546
27922 55557 83149 111015 139603 166465 138889 111306 83034 55462 27598
27592 55222 83329 110616 138630 167151 139157 111213 83708 55737 27645
27774 55554 83592 110735 138227 167122 138610 111322 83470 55900 27694
27712 55387 83529 111549 138931 167092 139110 110824 82832 55538 27496
27777 55875 83252 111004 139496 166600 138737 110722 83409 55396 27732
27814 55180 83437 110829 139169 166779 139133 111018 83551 55710 27380
27890 55295 82641 111416 138264 166793 139116 111703 83499 55734 27649
27558 55523 83677 111349 139678 166833 138333 110552 83010 55666 27821
27711 55391 83121 110879 139203 166423 138387 112017 83578 55471 27819
27812 55282 83404 111324 138894 166648 139034 111322 83192 55428 27660
27416 55347 83487 111267 139174 166845 138507 111047 83675 55626 27609
27693 55486 83572 111114 138866 166137 139256 111496 83116 55553 27711
27582 55512 83180 111085 139721 167220 138785 111091 82764 55338 27722
27941 55496 83372 111213 138967 166442 138657 111506 83385 55354 27667
27544 55636 83760 111112 138495 166895 138290 111124 83421 55685 28038
27760 55368 83524 111711 138212 166072 139280 111506 82932 55934 27701
28022 55292 83273 111060 138844 166802 138321 111387 83436 55749 27814
27666 55548 82948 110861 138767 167408 139069 111133 83395 55583 27622

# 10,000,000번
27770026 55570048 83342512 111108309 138893405 166668274 138885256 111090104 83337518 55558121 27776427
278443 555266 831954 1110153 1388458 1666783 1389802 1109528 834460 557116 278037
277889 555680 832594 1112135 1390072 1665722 1389678 1110640 833162 554482 277946
278048 556496 833970 1110589 1386817 1664982 1389869 1111173 834018 555666 278372
277944 555770 833081 1110220 1392136 1666702 1388859 1110134 833441 554585 277128
277188 556284 833070 1112513 1389650 1666075 1389545 1110813 832427 555664 276771
277385 555432 833194 1111607 1388257 1668942 1389779 1110511 831840 555939 277114
277110 556829 834190 1111041 1388364 1666288 1388381 1111146 833370 556097 277184
278209 556366 833157 1110120 1388246 1667432 1388098 1111841 832763 556048 277720
277167 554557 834132 1111217 1388654 1665582 1390260 1111649 832061 556428 278293
277969 555780 834166 1110586 1388493 1667073 1388202 1111145 834010 555636 276940
277608 556372 834771 1111097 1388388 1667554 1389013 1109132 832138 556652 277275
277635 554306 835717 1108554 1388749 1666636 1389202 1113741 832560 555187 277713
278169 556601 832336 1110471 1388571 1667231 1388575 1110686 833304 555987 278069
277923 556878 831770 1112718 1386054 1667792 1388603 1110798 833643 555565 278256
277347 554658 834830 1110716 1388135 1667475 1389375 1111456 833683 555236 277089
277614 555278 834915 1110736 1387457 1665630 1388341 1111990 834371 556255 277413
277606 554963 832924 1112137 1388061 1666005 1388130 1112235 834206 555811 277922
276202 555505 832698 1110709 1390717 1666114 1389711 1110794 833807 556276 277467
278093 555318 833922 1109225 1388522 1667483 1388423 1111963 832884 556097 278070
278025 555365 832437 1110553 1390289 1666507 1390995 1109946 833208 555259 277416
277158 556358 833002 1111781 1388625 1666530 1388475 1109897 833940 555397 278837
277101 555934 832495 1111116 1389509 1667693 1388012 1111583 834434 554992 277131
277250 555898 832492 1110004 1388494 1666378 1391285 1110880 833641 556284 277394
277340 555794 832717 1112523 1388366 1668753 1387171 1109987 834207 555521 277621
277188 555973 833254 1111619 1388346 1667117 1389374 1111016 832799 555900 277414
277917 555583 834124 1109768 1390248 1667039 1388186 1110923 832964 555805 277443
277763 555511 833762 1110494 1387879 1666673 1388749 1111267 834567 555298 278037
277696 554886 834083 1110393 1388647 1665834 1388271 1111961 834504 555262 278463
277208 555128 834256 1111911 1390739 1664028 1390809 1109725 832816 556028 277352
277394 556120 833328 1111873 1389547 1666527 1388326 1110375 833250 556303 276957
278425 555019 831477 1111586 1389502 1668115 1389543 1108845 833685 555936 277867
276203 555714 835050 1110143 1387338 1667344 1390111 1112106 833111 555299 277581
278214 554729 832610 1111455 1389988 1666036 1389643 1110531 832883 555480 278431
278265 556290 833384 1110257 1388615 1665569 1387411 1112251 835052 555430 277476
277464 555768 833010 1111516 1390826 1666801 1387450 1110639 833583 555372 277571
278190 555718 831346 1111960 1388015 1666778 1389800 1109857 833062 557987 277287
278319 556660 833091 1110748 1388533 1666246 1388167 1111536 832747 555940 278013
277439 556382 833615 1113410 1386809 1666232 1389567 1110143 833020 555723 277660
277068 555455 833659 1113334 1390406 1666056 1388139 1111167 833658 553908 277150
277750 555916 832397 1111142 1390391 1666869 1389727 1110099 833070 555242 277397
278298 554996 832429 1109883 1389856 1666743 1389313 1111096 834238 555445 277703
277857 556311 833656 1112419 1388480 1667715 1388351 1109572 833151 554758 277730
277827 556237 833332 1110612 1387346 1665711 1389689 1111681 834131 555177 278257
277916 555328 832474 1109588 1389380 1669489 1389595 1110283 833518 554182 278247
277351 556238 833839 1113209 1387958 1667620 1387940 1111187 833267 553643 277748
277685 555130 832349 1111493 1389113 1668549 1389337 1110084 834403 554219 277638
277049 556284 833032 1109688 1387782 1666940 1391252 1111049 834016 555124 277784
277411 556489 833676 1112394 1390259 1665693 1389157 1109989 832676 555521 276735
277676 555200 832356 1111917 1390731 1665795 1389048 1109943 833032 556274 278028
277599 554400 833795 1110587 1386783 1668565 1389694 1112505 832728 555472 277872
277846 555903 833281 1111440 1388501 1666846 1388792 1109813 833357 555955 278266
278084 556472 832839 1110889 1390386 1666210 1388821 1110636 832815 554118 278730
277659 555779 832828 1111715 1387499 1667439 1389198 1111012 832613 555915 278343
277090 555719 832775 1111435 1389916 1666911 1389422 1111283 833339 554906 277204
277974 555469 834384 1111539 1388491 1663643 1389679 1111184 833870 555944 277823
277527 556516 832316 1111603 1388594 1667980 1387418 1111825 833013 555730 277478
277497 555217 833447 1110968 1390390 1666451 1387068 1110951 834062 556274 277675
277328 555535 834971 1110573 1391431 1665859 1387003 1110948 834666 554227 277459
277612 556067 833279 1110663 1390775 1665174 1388207 1112105 833765 555017 277336
277749 555591 833779 1110612 1391743 1666284 1387729 1109544 833607 555417 277945
277094 554803 832293 1110857 1389051 1667732 1390342 1111180 833555 555279 277814
277715 555200 833387 1112527 1389746 1665341 1389532 1110309 832367 555173 278703
278481 556100 833807 1112485 1385681 1669960 1389196 1108156 832152 555916 278066
277978 555396 833097 1109895 1389392 1667688 1390954 1110272 832009 555229 278090
276799 555792 833356 1110633 1387941 1669686 1389100 1110080 833710 555015 277888
276607 555569 834015 1110839 1388512 1666325 1390523 1112267 832859 554901 277583
278230 555034 834514 1111475 1390175 1667964 1386883 1110217 831572 556131 277805
277354 554772 833532 1111173 1391023 1667145 1389090 1110557 833495 554227 277632
278067 554808 834600 1109625 1389372 1666865 1388720 1111331 832088 556180 278344
277717 556131 833138 1110065 1390309 1666281 1387720 1112163 832908 555498 278070
277934 555777 832676 1111049 1389991 1666583 1386814 1110104 835231 555559 278282
277432 555803 832979 1112860 1388717 1666236 1388138 1111475 832867 555087 278406
277441 555767 834859 1111345 1387707 1666617 1388492 1111263 833316 555352 277841
278028 556007 834071 1110603 1389630 1664831 1388219 1111226 832637 556312 278436
276950 555558 833369 1111011 1388783 1666116 1388766 1111628 834601 555746 277472
277687 556451 834398 1109602 1387165 1666083 1387973 1110604 834250 557072 278715
278683 555273 833777 1111999 1389833 1665562 1389291 1110355 834260 553894 277073
277198 555972 831902 1112832 1388072 1667217 1388515 1110611 835531 554732 277418
278520 555952 834105 1109051 1390272 1667575 1388565 1110840 832185 555028 277907
277506 555211 834376 1110085 1389061 1667970 1388933 1111337 832077 556538 276906
277706 555468 834608 1110646 1389863 1667900 1387010 1110281 831962 556742 277814
277343 554894 835390 1111153 1388250 1668152 1388273 1110894 831913 556214 277524
278562 554527 833340 1112351 1388845 1665755 1388937 1110867 833825 555172 277819
277995 556877 833662 1110268 1387953 1667689 1387418 1110320 833990 555531 278297
277859 554819 832818 1111134 1390536 1665316 1388368 1111971 833058 556036 278085
277315 556195 834518 1110601 1390979 1665618 1388467 1112697 832602 554704 276304
278741 557100 833103 1110252 1388487 1663818 1389209 1111658 834171 555607 277854
278108 555039 833832 1110084 1388382 1667529 1388805 1110698 833972 555891 277660
277629 557243 831989 1113852 1387305 1666711 1387827 1110365 835270 553714 278095
277271 555998 833558 1112247 1387711 1666419 1388673 1110644 833468 555667 278344
277829 556598 833179 1107945 1388917 1666416 1389477 1112648 833207 556337 277447
277989 555722 832695 1111239 1389379 1665481 1387748 1111121 833683 556808 278135
277641 555034 834914 1110963 1390451 1664863 1388043 1110814 833357 556209 277711
278600 556164 832211 1111021 1387596 1666254 1389327 1111871 832738 556524 277694
277676 555286 833703 1111943 1387800 1666154 1389109 1111117 833315 555457 278440
277832 556045 834264 1110677 1386842 1664438 1391829 1111858 833550 555645 277020
278143 554722 833599 1112253 1388738 1668042 1387026 1110821 831969 555933 278754
277514 555833 835034 1110464 1386846 1666252 1389112 1110961 832985 557068 277931
278503 555834 832404 1111439 1388715 1665992 1389320 1110403 833465 555805 278120

# 100,000,000번
277799909 555567110 833356544 1111095766 1388899757 1666644038 1388868072 1111097984 833319267 555566067 277785486
2779152 5557763 8333738 11109498 13890475 16668757 13886591 11108602 8335104 5552992 2777328
2777623 5557284 8340270 11108973 13888895 16665174 13883522 11108751 8336613 5552523 2780372
2779037 5559359 8338191 11108903 13884452 16665425 13884338 11112030 8331365 5556979 2779921
2777617 5554147 8332213 11116149 13887559 16668083 13884185 11111995 8336133 5555151 2776768
2776273 5557159 8329879 11108458 13891961 16670088 13887332 11108488 8334189 5559596 2776577
2775300 5557746 8329924 11113960 13893850 16669343 13888665 11108791 8332744 5552526 2777151
2780625 5557489 8329620 11112075 13888422 16668406 13888407 11114790 8330649 5550495 2779022
2780276 5554848 8336175 11108882 13891630 16666506 13889030 11110740 8332602 5551172 2778139
2775644 5553396 8335915 11113225 13884636 16671709 13889162 11112168 8331164 5555217 2777764
2777906 5556589 8332969 11107491 13885705 16669646 13889058 11111244 8332624 5556197 2780571
2776368 5554209 8336508 11109396 13884822 16665391 13888804 11108342 8341065 5558053 2777042
2778918 5554637 8336419 11115235 13886035 16665639 13890638 11106663 8331728 5555498 2778590
2776544 5551729 8335824 11107378 13890243 16667560 13890272 11113671 8330859 5557282 2778638
2778627 5558691 8334461 11111168 13886083 16666411 13888620 11112224 8334545 5551523 2777647
2778396 5555948 8335393 11107046 13895965 16670465 13889610 11106286 8326400 5554462 2780029
2778013 5556572 8334347 11114549 13890577 16663763 13888861 11107740 8332960 5556571 2776047
2778833 5558280 8336074 11105262 13889250 16666411 13892309 11109216 8332949 5556123 2775293
2774819 5551183 8330877 11115578 13895374 16662109 13886532 11115880 8334961 5555753 2776934
2777354 5555855 8331052 11112798 13885848 16666850 13888944 11114418 8336062 5554177 2776642
2777508 5556089 8330184 11109808 13887520 16666908 13888395 11115586 8330561 5559188 2778253
2777702 5555835 8331578 11106755 13895405 16666023 13888323 11110421 8336154 5555799 2776005
2777728 5553081 8329606 11112227 13894910 16666178 13889851 11115800 8332419 5554430 2773770
2778893 5555093 8341717 11107027 13889180 16664530 13886729 11111473 8332242 5556267 2776849
2779049 5556941 8331139 11113293 13885348 16664824 13890772 11108320 8334425 5558634 2777255
2776623 5557264 8337740 11111226 13885883 16661410 13889982 11114733 8332419 5557453 2775267
2777822 5553041 8336029 11115288 13893998 16667409 13890352 11105808 8326800 5554108 2779345
2778618 5556736 8333570 11106297 13887352 16670687 13891520 11106323 8335204 5555598 2778095
2776013 5555659 8330912 11114307 13888784 16670312 13891598 11111085 8329092 5554962 2777276
2777956 5557781 8329593 11108308 13895454 16659686 13886187 11110258 8336720 5556948 2781109
2780575 5552871 8333817 11108077 13890703 16666600 13884439 11113709 8338332 5555154 2775723
2778461 5552190 8339872 11109938 13882481 16663580 13886186 11113915 8335917 5558844 2778616
2780068 5555218 8331389 11113586 13884436 16672172 13883626 11108171 8336289 5559579 2775466
2776430 5553308 8336682 11114302 13886933 16664008 13889756 11111159 8334861 5555402 2777159
2780240 5556896 8330511 11107350 13892312 16663971 13893245 11107704 8334268 5555322 2778181
2780367 5555690 8334973 11105834 13883955 16668105 13896831 11109634 8331596 5557326 2775689
2774111 5555610 8333372 11110938 13882736 16672520 13887483 11112002 8337549 5558686 2774993
2776020 5557308 8337141 11109925 13888788 16661677 13889827 11110642 8330573 5558707 2779392
2777510 5552513 8336979 11113496 13897274 16663190 13889326 11106375 8333404 5552847 2777086
2775420 5557999 8335026 11107719 13894298 16666818 13888849 11109700 8333509 5555030 2775632
2778588 5556404 8328521 11111838 13892166 16660008 13890786 11108346 8336436 5556989 2779918
2776547 5555638 8336895 11112005 13889452 16662164 13889104 11112831 8329237 5557590 2778537
2779566 5551993 8333719 11107295 13893260 16670832 13886353 11112354 8327712 5555971 2780945
2779485 5555474 8332744 11113527 13891270 16663567 13883555 11111781 8335470 5553828 2779299
2777502 5556785 8330539 11112567 13884058 16665429 13889580 11113842 8331412 5557650 2780636
2777534 5556539 8327357 11109061 13896796 16666620 13891305 11108385 8334744 5552149 2779510
2775278 5555367 8330896 11110527 13892326 16671091 13882340 11116197 8331357 5556039 2778582
2778308 5556240 8335069 11113791 13887935 16664915 13889521 11109353 8333442 5552197 2779229
2777707 5553120 8335014 11111031 13886235 16666696 13895204 11111733 8331337 5557050 2774873
2780331 5554983 8336605 11110675 13886451 16662842 13889738 11110060 8334569 5558803 2774943
2776162 5555328 8333445 11111133 13890357 16664025 13894059 11112679 8332302 5554453 2776057
2779034 5556106 8340077 11111855 13885860 16660219 13892999 11110530 8331111 5554760 2777449
2779345 5551386 8329503 11113576 13889134 16669835 13885954 11114144 8334838 5553021 2779264
2776938 5555235 8331723 11110561 13888498 16665644 13890778 11109005 8335372 5557820 2778426
2777091 5554682 8332144 11109261 13886417 16670371 13889856 11113460 8334176 5554825 2777717
2778025 5555041 8337905 11108333 13891737 16665024 13882159 11111108 8337138 5555925 2777605
2778577 5552232 8333013 11110807 13888837 16664877 13888468 11117236 8331678 5555986 2778289
2779472 5559631 8336531 11111452 13882282 16672603 13884516 11109111 8333511 5555733 2775158
2776987 5554938 8331831 11115675 13894094 16668299 13884932 11110053 8331909 5555702 2775580
2778186 5549191 8335528 11107866 13889520 16668446 13893077 11107210 8337109 5553541 2780326
2776177 5553640 8334640 11114016 13885391 16661984 13887613 11116302 8334998 5556064 2779175
2778229 5557248 8338700 11114986 13886652 16664654 13884262 11114422 8325069 5555263 2780515
2780228 5554596 8328762 11113733 13890124 16670525 13884471 11109738 8332821 5557335 2777667
2779946 5551689 8331681 11115065 13881281 16668776 13890313 11112071 8336249 5554555 2778374
2779772 5556760 8336112 11112645 13887586 16662866 13887246 11110003 8336057 5555204 2775749
2779080 5560315 8332432 11109936 13888799 16667722 13887678 11105644 8333757 5555640 2778997
2778944 5554172 8332144 11111899 13884749 16672124 13892407 11112952 8331157 5550229 2779223
2780279 5557038 8327487 11111925 13891325 16668449 13882542 11110729 8334909 5557856 2777461
2781201 5550888 8332248 11113897 13892018 16664927 13887797 11109346 8332531 5557177 2777970
2775496 5557025 8329587 11115111 13892321 16668783 13884393 11112132 8329850 5557591 2777711
2779195 5555444 8326155 11113066 13892784 16666426 13885772 11113973 8332731 5556055 2778399
2777485 5557507 8332815 11111364 13887566 16665261 13889203 11112052 8334690 5553475 2778582
2779311 5558626 8331005 11111500 13887989 16663584 13884505 11111210 8335538 5557339 2779393
2776162 5560271 8335115 11110601 13891019 16667224 13888200 11112850 8327240 5551801 2779517
2776169 5559021 8336490 11107761 13887946 16665236 13891540 11113188 8329925 5553620 2779104
2779647 5557461 8332449 11111726 13885178 16667674 13887327 11114343 8329524 5556211 2778460
2777061 5558164 8333002 11111104 13887256 16667483 13886577 11112071 8331786 5556029 2779467
2777907 5555612 8335264 11109666 13883899 16676414 13883572 11109136 8334654 5555701 2778175
2778298 5555184 8338951 11113121 13888438 16662870 13883705 11113356 8332006 5555948 2778123
2778326 5553776 8334479 11112632 13885980 16668689 13892498 11108964 8335065 5553914 2775677
2778227 5554755 8337451 11107056 13885728 16666418 13893812 11109877 8331908 5555131 2779637
2776941 5551108 8335712 11108778 13895692 16659671 13888096 11116219 8334682 5554538 2778563
2774500 5558214 8338877 11106757 13890712 16662987 13888154 11109316 8333100 5559399 2777984
2778319 5556768 8331961 11112429 13887968 16669294 13888926 11106289 8339269 5552593 2776184
2777403 5555919 8330592 11110474 13892515 16658893 13890765 11111541 8332873 5558274 2780751
2774476 5556006 8332041 11111800 13885948 16667570 13893634 11110259 8334285 5556143 2777838
2778683 5556805 8334334 11111439 13887439 16661985 13887255 11112460 8337508 5551133 2780959
2778924 5559052 8330008 11116171 13890013 16673076 13889256 11102703 8329284 5554813 2776700
2776817 5557741 8328431 11104848 13886537 16671511 13891146 11108746 8336601 5557459 2780163
2780616 5558743 8335784 11117507 13885215 16663182 13886703 11111825 8328151 5553590 2778684
2779223 5556991 8332112 11106660 13885486 16666368 13891170 11108951 8338320 5555886 2778833
2779265 5557639 8332524 11111046 13892161 16657980 13895286 11111651 8328513 5558698 2775237
2775682 5555935 8330570 11111041 13891657 16666798 13890098 11109785 8334557 5556413 2777464
2776146 5555951 8333221 11113490 13888168 16667540 13895481 11106614 8331713 5554693 2776983
2779824 5558657 8331375 11111699 13883846 16663722 13886100 11114354 8332497 5561989 2775937
2782896 5554581 8331194 11108229 13889269 16666841 13889030 11113205 8330055 5558735 2775965
2775604 5555390 8338562 11110711 13892099 16670085 13884955 11112944 8329930 5554551 2775169
2777639 5556629 8330861 11109890 13889700 16663084 13893103 11110297 8336071 5555139 2777587
2777903 5553308 8336783 11110901 13892827 16670055 13883061 11109249 8332704 5557139 2776070
2779540 5552747 8332587 11107098 13890282 16669065 13895402 11108411 8332192 5556321 2776355
2777266 5553414 8331308 11107427 13891977 16664391 13892577 11114531 8332587 5553817 2780705